
Fitting technique : iterative, per delta100 minimized, median zero points
Number of clusters:    1
Number of galaxies:  105
 (n_facta,n_bfact)=( 0.0500, 0.0200)
Columns           : galaxy,group,lreJB_kpc,lsigma_cor,lIeJB_cor

Cluster number with most data         :    1
Number of galaxies in this cluster    :  105
Number of galaxies fit in this cluster:  105
Initial values               (a,b)=( 1.1860,-0.8020)

 ----a----   ----b----
  i  fact     i  fact     a       b       delta       rms
  1 0.0500    1 0.0200   1.1860 -0.8020  0.0313241  0.0414260
  2 0.0500    1 0.0200   1.2453 -0.8020  0.0307530  0.0413818
  3 0.0500    1 0.0200   1.3076 -0.8020  0.0306696  0.0417419
  4 0.0500    1 0.0200   1.3729 -0.8020  0.0309608  0.0424947
  4 0.0250    2 0.0100   1.3076 -0.8100  0.0306116  0.0417229
  4 0.0250    3 0.0100   1.3076 -0.8181  0.0305803  0.0417596
  4 0.0250    4 0.0100   1.3076 -0.8263  0.0305892  0.0418529
  5 0.0125    4 0.0050   1.2912 -0.8181  0.0305907  0.0416536
  6 0.0125    4 0.0050   1.3239 -0.8181  0.0305944  0.0418902
  6 0.0063    5 0.0025   1.3076 -0.8161  0.0305883  0.0417451
  6 0.0063    6 0.0025   1.3076 -0.8202  0.0305724  0.0417777
  6 0.0063    7 0.0025   1.3076 -0.8222  0.0305713  0.0417993
  6 0.0063    8 0.0025   1.3076 -0.8243  0.0305756  0.0418246
  7 0.0031    8 0.0013   1.3035 -0.8222  0.0305720  0.0417722
  8 0.0031    8 0.0013   1.3117 -0.8222  0.0305742  0.0418280
  8 0.0016    9 0.0006   1.3076 -0.8217  0.0305708  0.0417936
  8 0.0016   10 0.0006   1.3076 -0.8212  0.0305705  0.0417880
  8 0.0016   11 0.0006   1.3076 -0.8207  0.0305713  0.0417827
  9 0.0008   11 0.0003   1.3065 -0.8212  0.0305696  0.0417810
 10 0.0008   11 0.0003   1.3055 -0.8212  0.0305689  0.0417740
 11 0.0008   11 0.0003   1.3045 -0.8212  0.0305681  0.0417672
 12 0.0008   11 0.0003   1.3035 -0.8212  0.0305694  0.0417605
 12 0.0004   12 0.0002   1.3045 -0.8213  0.0305682  0.0417686
 12 0.0004   13 0.0002   1.3045 -0.8211  0.0305680  0.0417658
 12 0.0004   14 0.0002   1.3045 -0.8209  0.0305679  0.0417645
 12 0.0004   15 0.0002   1.3045 -0.8208  0.0305678  0.0417631
 12 0.0004   16 0.0002   1.3045 -0.8207  0.0305678  0.0417617
 12 0.0004   17 0.0002   1.3045 -0.8205  0.0305682  0.0417604

Restarting with (a,b)=( 1.3045,-0.8207)
    (n_facta,n_bfact)=( 0.0005, 0.0002)

 ----a----   ----b----
  i  fact     i  fact     a       b       delta       rms
  1 0.0005    1 0.0002   1.3045 -0.8207  0.0305678  0.0417617
  2 0.0005    1 0.0002   1.3052 -0.8207  0.0305685  0.0417661
  3 0.0005    1 0.0002   1.3039 -0.8207  0.0305676  0.0417574
  4 0.0005    1 0.0002   1.3032 -0.8207  0.0305688  0.0417531
  4 0.0003    2 0.0001   1.3039 -0.8208  0.0305677  0.0417583
  4 0.0003    3 0.0001   1.3039 -0.8206  0.0305678  0.0417565
  5 0.0001    3 0.0001   1.3040 -0.8207  0.0305676  0.0417585
  6 0.0001    3 0.0001   1.3042 -0.8207  0.0305676  0.0417596
  7 0.0001    3 0.0001   1.3043 -0.8207  0.0305676  0.0417607
  7 0.0001    4 0.0000   1.3042 -0.8207  0.0305675  0.0417598
  7 0.0001    5 0.0000   1.3042 -0.8207  0.0305676  0.0417600
  8 0.0000    5 0.0000   1.3041 -0.8207  0.0305675  0.0417595
  9 0.0000    5 0.0000   1.3041 -0.8207  0.0305676  0.0417592
  9 0.0000    6 0.0000   1.3041 -0.8207  0.0305676  0.0417595
  9 0.0000    7 0.0000   1.3041 -0.8207  0.0305675  0.0417596
 10 0.0000    7 0.0000   1.3041 -0.8207  0.0305675  0.0417596
 11 0.0000    7 0.0000   1.3041 -0.8207  0.0305675  0.0417594
 11 0.0000    8 0.0000   1.3041 -0.8207  0.0305675  0.0417595
 11 0.0000    9 0.0000   1.3041 -0.8207  0.0305675  0.0417595
 11 0.0000    9 0.0000   1.3041 -0.8207  0.0305675  0.0417595

Cluster no.  Ngal     zero    n_rms    y_rms
     1       105  -0.44359  0.04176  0.07671
   All       105   0.00000  0.04176  0.07671

Output from bootstrap samples

  9 0.0000    9 0.0000   1.2808 -0.7975  0.0319975  0.0419890
 19 0.0000   11 0.0000   1.3710 -0.8520  0.0299328  0.0419968
  9 0.0000   10 0.0000   1.1450 -0.8351  0.0353739  0.0455292
  9 0.0000   11 0.0000   1.1186 -0.8622  0.0301715  0.0406844
 10 0.0000   11 0.0000   1.2241 -0.8301  0.0338153  0.0440206
 19 0.0000   11 0.0000   1.3398 -0.8350  0.0305331  0.0425681
  9 0.0000    9 0.0000   1.2412 -0.7951  0.0316935  0.0451266
 11 0.0000   13 0.0000   1.2763 -0.8256  0.0308023  0.0425439
 14 0.0000   11 0.0000   1.2409 -0.7739  0.0291845  0.0388639
 12 0.0000   11 0.0000   1.2946 -0.8351  0.0301934  0.0402817
12.532399298423 15.761451845036 -8.2416711543603 6.7992086676282

Bootstrap uncertainties based on     10  determinations
   e_a= 0.0784  e_b= 0.0273

Fitting technique : iterative, per delta100 minimized, median zero points
Number of clusters:    1
Number of galaxies:  105
 (n_facta,n_bfact)=( 0.0500, 0.0000)
Columns           : galaxy,group,lML_JB,lMass,

Cluster number with most data         :    1
Number of galaxies in this cluster    :  105
Number of galaxies fit in this cluster:  105
Initial values               (a,b)=( 0.3400, 0.0000)

 ----a----   ----b----
  i  fact     i  fact     a       b       delta       rms
  1 0.0500    1 0.0000   0.3400  0.0000  0.0712265  0.0911469
  2 0.0500    1 0.0000   0.3570  0.0000  0.0726265  0.0931368
  3 0.0500    1 0.0000   0.3230  0.0000  0.0700688  0.0895560
  4 0.0500    1 0.0000   0.3069  0.0000  0.0690274  0.0884488
  5 0.0500    1 0.0000   0.2915  0.0000  0.0680497  0.0877883
  6 0.0500    1 0.0000   0.2769  0.0000  0.0672670  0.0875322
  7 0.0500    1 0.0000   0.2631  0.0000  0.0665629  0.0876353
  8 0.0500    1 0.0000   0.2499  0.0000  0.0663110  0.0880514
  9 0.0500    1 0.0000   0.2374  0.0000  0.0661964  0.0887350
 10 0.0500    1 0.0000   0.2256  0.0000  0.0662136  0.0896426
 11 0.0250    1 0.0000   0.2434  0.0000  0.0662405  0.0883754
 12 0.0250    1 0.0000   0.2315  0.0000  0.0661905  0.0891576
 13 0.0250    1 0.0000   0.2257  0.0000  0.0662111  0.0896297
 14 0.0125    1 0.0000   0.2344  0.0000  0.0661851  0.0889438
 15 0.0125    1 0.0000   0.2373  0.0000  0.0661957  0.0887424
 16 0.0063    1 0.0000   0.2329  0.0000  0.0661879  0.0890501
 17 0.0063    1 0.0000   0.2359  0.0000  0.0661857  0.0888412
 18 0.0031    1 0.0000   0.2337  0.0000  0.0661865  0.0889965
 19 0.0031    1 0.0000   0.2351  0.0000  0.0661836  0.0888920
 20 0.0031    1 0.0000   0.2359  0.0000  0.0661857  0.0888410
 21 0.0016    1 0.0000   0.2348  0.0000  0.0661843  0.0889178

Restarting with (a,b)=( 0.2351, 0.0000)
    (n_facta,n_bfact)=( 0.0005, 0.0000)

 ----a----   ----b----
  i  fact     i  fact     a       b       delta       rms
  1 0.0005    1 0.0000   0.2351  0.0000  0.0661836  0.0888920
  2 0.0005    1 0.0000   0.2352  0.0000  0.0661838  0.0888838
  3 0.0005    1 0.0000   0.2350  0.0000  0.0661838  0.0889002
  4 0.0003    1 0.0000   0.2352  0.0000  0.0661837  0.0888879
  5 0.0003    1 0.0000   0.2351  0.0000  0.0661837  0.0888961
  6 0.0001    1 0.0000   0.2352  0.0000  0.0661837  0.0888899
  7 0.0001    1 0.0000   0.2351  0.0000  0.0661837  0.0888941
  8 0.0001    1 0.0000   0.2351  0.0000  0.0661836  0.0888910
  9 0.0001    1 0.0000   0.2351  0.0000  0.0661836  0.0888930
 10 0.0000    1 0.0000   0.2351  0.0000  0.0661836  0.0888915
 11 0.0000    1 0.0000   0.2351  0.0000  0.0661836  0.0888925
 11 0.0000    1 0.0000   0.2351  0.0000  0.0661836  0.0888920

Cluster no.  Ngal     zero    n_rms    y_rms
     1       105  -1.75487  0.08889  0.09132
   All       105   0.00000  0.08889  0.09132

Output from bootstrap samples

 11 0.0001    1 0.0000   0.2267  0.0000  0.0694653  0.0913703
 11 0.0000    1 0.0000   0.2606  0.0000  0.0654307  0.0863211
 11 0.0000    1 0.0000   0.2602  0.0000  0.0750114  0.0991718
 11 0.0000    1 0.0000   0.3058  0.0000  0.0660935  0.0870238
 11 0.0000    1 0.0000   0.2632  0.0000  0.0723962  0.0933278
 11 0.0000    1 0.0000   0.2129  0.0000  0.0665697  0.0917776
 11 0.0001    1 0.0001   0.2521  0.0000  0.0679932  0.0950457
 11 0.0000    1 0.0000   0.2363  0.0000  0.0665034  0.0908020
 11 0.0000    1 0.0000   0.2634  0.0000  0.0629370  0.0816900
 11 0.0000    1 0.0000   0.2240  0.0000  0.0655657  0.0866354
2.5053309347812 0.63414020991643 0. 0.

Bootstrap uncertainties based on     10  determinations
   e_a= 0.0268  e_b= 0.0000

Fitting technique : iterative, per delta100 minimized, median zero points
Number of clusters:    2
Number of galaxies:   49
 (n_facta,n_bfact)=( 0.0500, 0.0200)
Columns           : galaxy,group,lreJB_kpc_DEV,lsigma_cor,lIeJB_DEV

Cluster number with most data         :    2
Number of galaxies in this cluster    :   28
Number of galaxies fit in this cluster:   28
Initial values               (a,b)=( 0.6770,-0.7310)

 ----a----   ----b----
  i  fact     i  fact     a       b       delta       rms
  1 0.0500    1 0.0200   0.6770 -0.7310  0.0519528  0.0705031
  2 0.0500    1 0.0200   0.7109 -0.7310  0.0521991  0.0710170
  3 0.0500    1 0.0200   0.6432 -0.7310  0.0519840  0.0698324
  3 0.0250    2 0.0100   0.6770 -0.7383  0.0524662  0.0709864
  3 0.0250    3 0.0100   0.6770 -0.7237  0.0514467  0.0700759
  3 0.0250    4 0.0100   0.6770 -0.7165  0.0509420  0.0697925
  3 0.0250    5 0.0100   0.6770 -0.7093  0.0505782  0.0696283
  3 0.0250    6 0.0100   0.6770 -0.7022  0.0503478  0.0696491
  3 0.0250    7 0.0100   0.6770 -0.6952  0.0502839  0.0695925
  3 0.0250    8 0.0100   0.6770 -0.6882  0.0502798  0.0695288
  3 0.0250    9 0.0100   0.6770 -0.6813  0.0502938  0.0694692
  4 0.0125    9 0.0050   0.6855 -0.6882  0.0503774  0.0696098
  5 0.0125    9 0.0050   0.6685 -0.6882  0.0502145  0.0694090
  6 0.0125    9 0.0050   0.6602 -0.6882  0.0501940  0.0692877
  7 0.0125    9 0.0050   0.6519 -0.6882  0.0502073  0.0692625
  7 0.0063   10 0.0025   0.6602 -0.6899  0.0501929  0.0693177
  7 0.0063   11 0.0025   0.6602 -0.6917  0.0501928  0.0693550
  7 0.0063   12 0.0025   0.6602 -0.6934  0.0501927  0.0693899
  7 0.0063   13 0.0025   0.6602 -0.6951  0.0501926  0.0694098
  7 0.0063   14 0.0025   0.6602 -0.6969  0.0502076  0.0694130
  8 0.0031   14 0.0013   0.6622 -0.6951  0.0501888  0.0694297
  9 0.0031   14 0.0013   0.6643 -0.6951  0.0501883  0.0694592
 10 0.0031   14 0.0013   0.6664 -0.6951  0.0501934  0.0694971
 10 0.0016   15 0.0006   0.6643 -0.6947  0.0501893  0.0694556
 10 0.0016   16 0.0006   0.6643 -0.6956  0.0501872  0.0694620
 10 0.0016   17 0.0006   0.6643 -0.6960  0.0501862  0.0694650
 10 0.0016   18 0.0006   0.6643 -0.6964  0.0501852  0.0694682
 10 0.0016   19 0.0006   0.6643 -0.6969  0.0501852  0.0694727
 11 0.0008   19 0.0003   0.6638 -0.6964  0.0501859  0.0694623
 12 0.0008   19 0.0003   0.6648 -0.6964  0.0501865  0.0694797
 12 0.0004   20 0.0002   0.6643 -0.6963  0.0501854  0.0694674
 12 0.0004   21 0.0002   0.6643 -0.6965  0.0501849  0.0694691
 12 0.0004   22 0.0002   0.6643 -0.6967  0.0501849  0.0694706
 12 0.0004   23 0.0002   0.6643 -0.6968  0.0501849  0.0694722
 12 0.0004   24 0.0002   0.6643 -0.6969  0.0501852  0.0694727

Restarting with (a,b)=( 0.6643,-0.6968)
    (n_facta,n_bfact)=( 0.0005, 0.0002)

 ----a----   ----b----
  i  fact     i  fact     a       b       delta       rms
  1 0.0005    1 0.0002   0.6643 -0.6968  0.0501849  0.0694722
  2 0.0005    1 0.0002   0.6646 -0.6968  0.0501854  0.0694777
  3 0.0005    1 0.0002   0.6640 -0.6968  0.0501858  0.0694680
  3 0.0003    2 0.0001   0.6643 -0.6968  0.0501850  0.0694727
  3 0.0003    3 0.0001   0.6643 -0.6967  0.0501849  0.0694712
  4 0.0001    3 0.0001   0.6644 -0.6968  0.0501847  0.0694730
  5 0.0001    3 0.0001   0.6645 -0.6968  0.0501848  0.0694745
  5 0.0001    4 0.0000   0.6644 -0.6968  0.0501847  0.0694732
  5 0.0001    5 0.0000   0.6644 -0.6968  0.0501847  0.0694735
  5 0.0001    6 0.0000   0.6644 -0.6968  0.0501847  0.0694737
  6 0.0000    6 0.0000   0.6644 -0.6968  0.0501848  0.0694733
  7 0.0000    6 0.0000   0.6644 -0.6968  0.0501847  0.0694737
  8 0.0000    6 0.0000   0.6644 -0.6968  0.0501846  0.0694739
  9 0.0000    6 0.0000   0.6645 -0.6968  0.0501847  0.0694743
  9 0.0000    7 0.0000   0.6644 -0.6968  0.0501847  0.0694739
  9 0.0000    8 0.0000   0.6644 -0.6968  0.0501846  0.0694740
  9 0.0000    9 0.0000   0.6644 -0.6968  0.0501846  0.0694740
 10 0.0000    9 0.0000   0.6644 -0.6968  0.0501846  0.0694739
 11 0.0000    9 0.0000   0.6644 -0.6968  0.0501846  0.0694740
 12 0.0000    9 0.0000   0.6644 -0.6968  0.0501846  0.0694741
 13 0.0000    9 0.0000   0.6645 -0.6968  0.0501846  0.0694742
 13 0.0000   10 0.0000   0.6644 -0.6968  0.0501846  0.0694741
 13 0.0000   11 0.0000   0.6644 -0.6968  0.0501846  0.0694741
 13 0.0000   11 0.0000   0.6644 -0.6968  0.0501846  0.0694741

Cluster no.  Ngal     zero    n_rms    y_rms
     1        21   1.11494  0.06759  0.09382
     2        28   1.11129  0.07406  0.10281
   All        49   0.00000  0.06947  0.09644

Output from bootstrap samples

 10 0.0000    9 0.0000   0.7720 -0.7263  0.0419337  0.0622411
 15 0.0000   11 0.0000   0.5127 -0.6875  0.0483398  0.0705191
 31 0.0005    1 0.0002   0.4244 -0.6915  0.0577733  0.0769861
 12 0.0000   10 0.0000   0.4721 -0.6946  0.0441113  0.0680641
 14 0.0000    9 0.0000   0.5131 -0.6772  0.0439633  0.0604642
 12 0.0001   11 0.0000   0.7172 -0.7358  0.0378591  0.0553568
 10 0.0000   13 0.0000   0.7144 -0.6194  0.0371819  0.0526318
 26 0.0000   11 0.0000   0.4495 -0.6903  0.0417735  0.0567705
 31 0.0005    1 0.0002   0.6322 -0.6344  0.0521149  0.0702824
 14 0.0000    9 0.0000   0.6721 -0.6529  0.0408094  0.0535654
5.8798389290763 3.6034972526671 -6.8099006332932 4.649731199313

Bootstrap uncertainties based on     10  determinations
   e_a= 0.1275  e_b= 0.0369

Fitting technique : iterative, per delta100 minimized, median zero points
Number of clusters:    2
Number of galaxies:   49
 (n_facta,n_bfact)=( 0.0500, 0.0000)
Columns           : galaxy,group,lML_JB_DEV,lMass_DEV,

Cluster number with most data         :    2
Number of galaxies in this cluster    :   28
Number of galaxies fit in this cluster:   28
Initial values               (a,b)=( 0.5630, 0.0000)

 ----a----   ----b----
  i  fact     i  fact     a       b       delta       rms
  1 0.0500    1 0.0000   0.5630  0.0000  0.0915673  0.1257849
  2 0.0500    1 0.0000   0.5912  0.0000  0.0918104  0.1270223
  3 0.0500    1 0.0000   0.5349  0.0000  0.0916048  0.1262579
  4 0.0250    1 0.0000   0.5771  0.0000  0.0916946  0.1262481
  5 0.0250    1 0.0000   0.5489  0.0000  0.0915638  0.1258578
  6 0.0250    1 0.0000   0.5352  0.0000  0.0916009  0.1262499
  7 0.0125    1 0.0000   0.5558  0.0000  0.0915543  0.1257549
  8 0.0125    1 0.0000   0.5627  0.0000  0.0915648  0.1257793
  9 0.0063    1 0.0000   0.5523  0.0000  0.0915594  0.1257971
 10 0.0063    1 0.0000   0.5593  0.0000  0.0915486  0.1257371
 11 0.0063    1 0.0000   0.5628  0.0000  0.0915650  0.1257798
 12 0.0031    1 0.0000   0.5575  0.0000  0.0915515  0.1257414
 13 0.0031    1 0.0000   0.5610  0.0000  0.0915483  0.1257456
 14 0.0031    1 0.0000   0.5628  0.0000  0.0915650  0.1257798
 15 0.0016    1 0.0000   0.5601  0.0000  0.0915470  0.1257391
 16 0.0016    1 0.0000   0.5593  0.0000  0.0915486  0.1257371
 17 0.0008    1 0.0000   0.5606  0.0000  0.0915462  0.1257405
 18 0.0008    1 0.0000   0.5610  0.0000  0.0915483  0.1257455
 19 0.0004    1 0.0000   0.5603  0.0000  0.0915466  0.1257397
 20 0.0004    1 0.0000   0.5608  0.0000  0.0915461  0.1257417
 21 0.0004    1 0.0000   0.5610  0.0000  0.0915483  0.1257456

Restarting with (a,b)=( 0.5608, 0.0000)
    (n_facta,n_bfact)=( 0.0005, 0.0000)

 ----a----   ----b----
  i  fact     i  fact     a       b       delta       rms
  1 0.0005    1 0.0000   0.5608  0.0000  0.0915461  0.1257417
  2 0.0005    1 0.0000   0.5611  0.0000  0.0915489  0.1257467
  3 0.0005    1 0.0000   0.5605  0.0000  0.0915464  0.1257402
  4 0.0003    1 0.0000   0.5609  0.0000  0.0915475  0.1257442
  5 0.0003    1 0.0000   0.5606  0.0000  0.0915461  0.1257407
  6 0.0003    1 0.0000   0.5605  0.0000  0.0915464  0.1257403
  7 0.0001    1 0.0000   0.5607  0.0000  0.0915460  0.1257410
  8 0.0001    1 0.0000   0.5608  0.0000  0.0915462  0.1257417
  9 0.0001    1 0.0000   0.5607  0.0000  0.0915460  0.1257409
 10 0.0001    1 0.0000   0.5608  0.0000  0.0915459  0.1257411
 11 0.0001    1 0.0000   0.5608  0.0000  0.0915462  0.1257417
 11 0.0000    1 0.0000   0.5608  0.0000  0.0915459  0.1257411

Cluster no.  Ngal     zero    n_rms    y_rms
     1        21  -5.96482  0.11235  0.12881
     2        28  -5.94569  0.14119  0.16187
   All        49   0.00000  0.12574  0.14416

Output from bootstrap samples

 11 0.0000    1 0.0000   0.4827  0.0000  0.0804206  0.1181285
 11 0.0000    1 0.0000   0.6117  0.0000  0.0897835  0.1331023
 11 0.0000    1 0.0000   0.6193  0.0000  0.1026336  0.1462211
 11 0.0000    1 0.0000   0.4986  0.0000  0.0839076  0.1239253
 11 0.0000    1 0.0000   0.6056  0.0000  0.0792218  0.1071955
 11 0.0000    1 0.0000   0.4845  0.0000  0.0718926  0.1074862
 11 0.0000    1 0.0000   0.5546  0.0000  0.0702387  0.0963601
 11 0.0000    1 0.0000   0.5546  0.0000  0.0741634  0.1026571
 11 0.0000    1 0.0000   0.7129  0.0000  0.0895840  0.1174313
 11 0.0000    1 0.0000   0.5762  0.0000  0.0731406  0.0957085
5.7007795449155 3.296297852772 0. 0.

Bootstrap uncertainties based on     10  determinations
   e_a= 0.0718  e_b= 0.0000
